A = [17 5 12 5; 14 15 14 17; 7 0 19 16; 4 13 7 9]

A =

    17     5    12     5
    14    15    14    17
     7     0    19    16
     4    13     7     9

p = [2 4 -5]

p =

     2     4    -5

r = roots(p)

r =

   -2.8708
    0.8708

r(2)

ans =

    0.8708


B = A * r(2)

B =

   14.8041    4.3541   10.4499    4.3541
   12.1916   13.0624   12.1916   14.8041
    6.0958         0   16.5457   13.9333
    3.4833   11.3208    6.0958    7.8375

